kinematics:
  shoulder:
    x: 0
    y: 0
    z: 0.1625741870751586
    roll: -0
    pitch: 0
    yaw: 1.82410174874581e-07
  upper_arm:
    x: 6.227118351605927e-05
    y: 0
    z: 0
    roll: 1.570224172733981
    pitch: 0
    yaw: -2.913908452306657e-06
  forearm:
    x: -0.4253045556350169
    y: 0
    z: 0
    roll: 3.14141634278444
    pitch: 3.140554779776006
    yaw: -3.141589943416455
  wrist_1:
    x: -0.3923041029785054
    y: 0.0002547218373401282
    z: 0.1333809762766513
    roll: 3.139682924520564
    pitch: 3.141120378037555
    yaw: -3.141590415965037
  wrist_2:
    x: -0.0001442574525270585
    y: -0.09987647625568374
    z: 0.0001523026675325694
    roll: 1.569271417675251
    pitch: 0
    yaw: 4.47027817342821e-07
  wrist_3:
    x: 2.578559629555926e-05
    y: 0.09940186166559878
    z: -8.380877386087333e-05
    roll: 1.569953196167386
    pitch: 3.141592653589793
    yaw: -3.141592543230308
  hash: calib_11759770586099351926